resultado;i;return
0;0;0
1;1;-
1;2;-
3;3;-
6;4;-
10;5;-
15;6;-
21;7;-
28;8;-
36;9;-
45;10;-
55;11;-
66;12;-
78;13;-
91;14;-
105;15;-
121;16;-
137;17;-
144;18;-
162;19;-
181;20;-
210;-;210
;;